gallery-001-probe-013 : 18.34546
gallery-001-probe-012 : 19.47043
gallery-001-probe-015 : 19.84195
gallery-001-probe-005 : 19.58123
gallery-001-probe-018 : 19.90768
gallery-001-probe-010 : 23.08196
gallery-001-probe-024 : 22.06462
gallery-001-probe-017 : 19.62985
gallery-001-probe-007 : 21.85672
gallery-001-probe-020 : 17.25166
gallery-001-probe-006 : 21.13612
gallery-001-probe-009 : 18.68613
gallery-001-probe-011 : 19.54587
gallery-001-probe-025 : 18.88524
gallery-001-probe-027 : 21.05267
gallery-001-probe-001 : 0.0
gallery-001-probe-026 : 19.24342
gallery-001-probe-008 : 18.44344
gallery-001-probe-023 : 18.39973
gallery-001-probe-021 : 18.11543
gallery-001-probe-004 : 18.76153
gallery-001-probe-003 : 17.76
gallery-001-probe-002 : 17.96507
gallery-001-probe-016 : 19.09937
gallery-001-probe-028 : 20.47382
